; time  COM I/I MTK I/I HTK I/I COM Ext MTK Ext HTK Ext
       1 1572420 1615454 1648088 1750000 1750000 1750000
       2 1412860 1491252 1552111  218750  298821  331563
       3 1269491 1376599 1461723   64815  106262  125299
       4 1140670 1270761 1376599   27344   51025   62819
       5 1024921 1173060 1296432   14000   28884   36771
       6  920918 1082871 1220934    8102   18145   23740
       7  827469  999616 1149832    5102   12247   16398
       8  743502  922762 1082871    3418    8713   11902
       9  668055  851816 1019809    2401    6452    8971
      10  600265  786326  960420    1750    4932    6967
      11  539353  725870  904490    1315    3868    5542
      12  484623  670063  851816    1013    3098    4498
      13  435446  618546  802211     797    2526    3712
      14  391260  570990  755493     638    2091    3107
      15  351557  527090  711497     519    1754    2633
      16  315883  486565  670063     427    1488    2255
      17  283829  449156  631041     356    1275    1950
      18  255027  414624  594292     300    1102    1700
      19  229149  382746  559683     255     960    1493
      20  205896  353319  527090     219     842    1320
      21  185003  326154  496395     189     744    1174
      22  166230  301079  467487     164     660    1050
      23  149362  277930  440262     144     590     944
      24  134205  256562  414624     127     529     852
      25  120587  236837  390478     112     477     773
      26  108350  218628  367738     100     431     703
      27   97356  201819  346323      89     392     642
      28   87477  186302  326154      80     357     589
      29   78600  171979  307161      72     327     541
      30   70624  158756  289273      65     299     499
      31   63458  146551  272427      59     275     461
      32   57018  135283  256562      53     254     427
      33   51232  124882  241621      49     235     397
      34   46034  115281  227550      45     218     369
      35   41362  106418  214299      41     202     345
      36   37165   98236  201819      38     188     322
      37   33394   90683  190066      35     175     302
      38   30005   83711  178997      32     164     283
      39   26960   77275  168573      30     153     266
      40   24225   71334  158756      27     144     250
      41   21766   65849  149511      25     135     236
      42   19558   60787  140804      24     127     222
      43   17573   56113  132605      22     120     210
      44   15790   51799  124882      21     113     199
      45   14188   47817  117610      19     106     189
      46   12748   44140  110761      18     101     179
      47   11454   40747  104310      17      95     170
      48   10292   37614   98236      16      90     161
      49    9248   34722   92515      15      86     154
      50    8309   32052   87127      14      81     146
      51    7466   29588   82053      13      77     140
      52    6708   27313   77275      12      74     133
      53    6028   25213   72775      12      70     127
      54    5416   23275   68537      11      67     122
      55    4866   21485   64546      11      64     116
      56    4373   19833   60787      10      61     112
      57    3929   18309   57247       9      58     107
      58    3530   16901   53913       9      56     103
      59    3172   15602   50773       9      53      98
      60    2850   14402   47817       8      51      95
      61    2561   13295   45032       8      49      91
      62    2301   12273   42409       7      47      87
      63    2068   11329   39940       7      45      84
      64    1858   10458   37614       7      43      81
      65    1669    9654   35423       6      42      78
      66    1500    8912   33360       6      40      75
      67    1348    8227   31418       6      39      73
      68    1211    7594   29588       6      37      70
      69    1088    7010   27865       5      36      68
      70     978    6471   26242       5      35      65
      71     878    5974   24714       5      33      63
      72     789    5514   23275       5      32      61
      73     709    5090   21919       4      31      59
      74     637    4699   20643       4      30      57
      75     573    4338   19441       4      29      55
      76     514    4004   18309       4      28      54
      77     462    3696   17242       4      27      52
      78     415    3412   16238       4      26      50
      79     373    3150   15293       4      25      49
      80     335    2908   14402       3      25      47
      81     301    2684   13563       3      24      46
      82     271    2478   12773       3      23      45
      83     243    2287   12030       3      22      43
      84     219    2111   11329       3      22      42
      85     196    1949   10669       3      21      41
      86     176    1799   10048       3      20      40
      87     159    1661    9463       3      20      39
      88     142    1533    8912       3      19      38
      89     128    1415    8393       2      19      37
      90     115    1307    7904       2      18      36
      91     103    1206    7444       2      18      35
      92      93    1113    7010       2      17      34
      93      83    1028    6602       2      17      33
      94      75     949    6218       2      16      32
      95      67     876    5855       2      16      31
      96      61     808    5514       2      15      31
      97      54     746    5193       2      15      30
      98      49     689    4891       2      15      29
      99      44     636    4606       2      14      28
     100      39     587    4338       2      14      28
     101      35     542    4085       2      14      27
     102      32     500    3847       2      13      26
     103      29     462    3623       2      13      26
     104      26     426    3412       2      13      25
     105      23     394    3214       2      12      25
     106      21     363    3026       1      12      24
     107      19     335    2850       1      12      24
     108      17     310    2684       1      11      23
     109      15     286    2528       1      11      23
     110      14     264    2381       1      11      22
     111      12     244    2242       1      11      22
     112      11     225    2111       1      10      21
     113      10     207    1988       1      10      21
     114       9     192    1873       1      10      20
     115       8     177    1764       1      10      20
     116       7     163    1661       1      10      19
     117       6     151    1564       1       9      19
     118       6     139    1473       1       9      19
     119       5     128    1387       1       9      18
     120       5     119    1307       1       9      18
     121       4     109    1230       1       9      18
     122       4     101    1159       1       8      17
     123       3      93    1091       1       8      17
     124       3      86    1028       1       8      17
     125       3      79     968       1       8      16
     126       2      73     912       1       8      16
     127       2      68     858       1       8      16
     128       2      62     808       1       7      15
     129       2      58     761       1       7      15
     130       2      53     717       1       7      15
     131       1      49     675       1       7      15
     132       1      45     636       1       7      14
     133       1      42     599       1       7      14
     134       1      39     564       1       7      14
     135       1      36     531       1       6      13
     136       1      33     500       1       6      13
     137       1      30     471       1       6      13
     138       1      28     444       1       6      13
     139       1      26     418       1       6      13
     140       1      24     394       1       6      12
     141       0      22     371       1       6      12
     142       0      20     349       1       6      12
     143       0      19     329       1       6      12
     144       0      17     310       1       5      12
     145       0      16     292       1       5      11
     146       0      15     275       1       5      11
     147       0      14     259       1       5      11
     148       0      13     244       1       5      11
     149       0      12     229       1       5      11
     150       0      11     216       1       5      10
     151       0      10     203       1       5      10
     152       0       9     192       0       5      10
     153       0       8     180       0       5      10
     154       0       8     170       0       5      10
     155       0       7     160       0       5      10
     156       0       7     151       0       4      10
     157       0       6     142       0       4       9
     158       0       6     134       0       4       9
     159       0       5     126       0       4       9
     160       0       5     119       0       4       9
     161       0       4     112       0       4       9
     162       0       4     105       0       4       9
     163       0       4      99       0       4       9
     164       0       4      93       0       4       8
     165       0       3      88       0       4       8
     166       0       3      83       0       4       8
     167       0       3      78       0       4       8
     168       0       3      73       0       4       8
     169       0       2      69       0       4       8
     170       0       2      65       0       4       8
     171       0       2      61       0       4       8
     172       0       2      58       0       3       8
     173       0       2      54       0       3       7
     174       0       2      51       0       3       7
     175       0       1      48       0       3       7
     176       0       1      45       0       3       7
     177       0       1      43       0       3       7
     178       0       1      40       0       3       7
     179       0       1      38       0       3       7
     180       0       1      36       0       3       7
